1961  0916
1962  0911
1963  0830
1964  0825
1965  0825
1966  0823
1967  0902
1968  0822
1969  0829
1970  0914
1971  0906
1972  0826
1973  0827
1974  0902
1975  0831
1976  0821
1977  0906
1978  0831
1979  0821
1980  0904
1981  0821
1982  0827
1983  0821
1984  0821
1985  0823
1986  0903
1987  0913
1988  0824
1989  0825
1990  0825
1991  0825
1992  0911
1993  0916
1994  0920
1995  0908
1996  0823
1997  0913
1998  0919
1999  0825
2000  0904
2001  0826
2002  0910
2003  0824
2004  0824
2005  0915
2006  0821
2007  0822
2008  0825
2009  0907
2010  0821
2011  0903
2012  0907
2013  0829
2014  0907
2015  0824
2016  0905
2017  0824
2018  0910
2019  0827
2020  0909
2021  0823