1961  1120
1962  1104
1963  1119
1964  1109
1965  1013
1966  1118
1967  1112
1968  1120
1969  1118
1970  0930
1971  1114
1972  1022
1973  1014
1974  1030
1975  1123
1976  1114
1977  1114
1978  1129
1979  1001
1980  1024
1981  1109
1982  1109
1983  1113
1984  1018
1985  1113
1986  1115
1987  1023
1988  1024
1989  1116
1990  1028
1991  1024
1992  1026
1993  1030
1994  1020
1995  1025
1996  1118
1997  1020
1998  1018
1999  1118
2000  1030
2001  1106
2002  1102
2003  1014
2004  1115
2005  1029
2006  1026
2007  1102
2008  1107
2009  1028
2010  1030
2011  1109
2012  1110
2013  1110
2014  1130
2015  1007
2016  1029
2017  1020
2018  1021
2019  1028
2020  1102
2021  1108