56483	800229	15.9
56483	840229	23.9
56483	880229	23.5
56483	920229	37.9
56483	960229	18.2
56483	000229	34.0
56483	040229	36.9
56483	080229	18.1
56483	120229	24.3
56483	160229	43.1
56483	200229	23.6
56489	800229	16.2
56489	840229	22.2
56489	880229	12.6
56489	920229	31.1
56489	960229	22.1
56489	000229	35.0
56489	040229	27.5
56489	080229	16.5
56489	120229	14.4
56489	160229	41.3
56489	200229	25.2
56497	800229	25.0
56497	840229	42.3
56497	880229	39.5
56497	920229	59.9
56497	960229	27.7
56497	000229	50.1
56497	040229	49.3
56497	080229	22.2
56497	120229	38.0
56497	160229	58.6
56497	200229	34.9
56543	800229	42.1
56543	840229	12.8
56543	880229	46.8
56543	920229	20.9
56543	960229	7.4
56543	000229	52.1
56543	040229	18.1
56543	080229	1.8
56543	120229	30.4
56543	160229	5.1
56543	200229	5.9
56567	800229	9.9
56567	840229	4.0
56567	880229	3.8
56567	920229	3.3
56567	960229	2.0
56567	000229	27.1
56567	040229	3.9
56567	080229	9.2
56567	120229	11.0
56567	160229	2.3
56567	200229	2.6
56582	800229	17.8
56582	840229	37.0
56582	880229	22.1
56582	920229	53.5
56582	960229	26.9
56582	000229	49.8
56582	040229	43.0
56582	080229	22.9
56582	120229	23.4
56582	160229	52.2
56582	200229	31.4
56585	800229	11.2
56585	840229	13.3
56585	880229	5.5
56585	920229	28.3
56585	960229	8.2
56585	000229	45.5
56585	040229	16.4
56585	080229	26.4
56585	120229	4.2
56585	160229	22.2
56585	200229	8.8
56586	800229	7.0
56586	840229	13.6
56586	880229	6.7
56586	920229	25.5
56586	960229	6.0
56586	000229	37.5
56586	040229	17.2
56586	080229	20.2
56586	120229	6.2
56586	160229	17.3
56586	200229	9.1
56594	800229	17.8
56594	840229	37.0
56594	880229	22.1
56594	920229	53.5
56594	960229	26.9
56594	000229	49.8
56594	040229	43.0
56594	080229	22.9
56594	120229	23.4
56594	160229	52.2
56594	200229	31.4
56595	800229	12.6
56595	840229	35.5
56595	880229	23.1
56595	920229	51.2
56595	960229	19.4
56595	000229	40.0
56595	040229	41.4
56595	080229	21.9
56595	120229	20.4
56595	160229	46.6
56595	200229	31.8
56643	800229	125.8
56643	840229	0.0
56643	880229	55.4
56643	920229	21.3
56643	960229	25.0
56643	000229	120.1
56643	040229	7.4
56643	080229	42.9
56643	120229	95.8
56643	160229	56.9
56643	200229	44.1
56645	800229	50.2
56645	840229	0.6
56645	880229	16.2
56645	920229	9.2
56645	960229	12.6
56645	000229	55.5
56645	040229	5.0
56645	080229	12.5
56645	120229	30.6
56645	160229	20.1
56645	200229	19.8
56646	800229	16.5
56646	840229	0.3
56646	880229	4.3
56646	920229	1.0
56646	960229	7.4
56646	000229	26.5
56646	040229	2.7
56646	080229	8.7
56646	120229	12.6
56646	160229	7.6
56646	200229	8.0
56649	800229	21.0
56649	840229	0.1
56649	880229	8.0
56649	920229	2.3
56649	960229	7.2
56649	000229	38.8
56649	040229	1.3
56649	080229	7.9
56649	120229	23.1
56649	160229	8.7
56649	200229	5.3
56651	800229	14.6
56651	840229	1.8
56651	880229	5.0
56651	920229	2.3
56651	960229	6.8
56651	000229	29.3
56651	040229	3.6
56651	080229	10.0
56651	120229	7.2
56651	160229	7.1
56651	200229	8.6
56652	800229	10.5
56652	840229	1.7
56652	880229	2.8
56652	920229	2.4
56652	960229	4.7
56652	000229	27.0
56652	040229	1.7
56652	080229	6.5
56652	120229	9.1
56652	160229	4.6
56652	200229	2.7
56654	800229	10.8
56654	840229	0.8
56654	880229	2.5
56654	920229	1.3
56654	960229	7.3
56654	000229	24.5
56654	040229	3.0
56654	080229	12.8
56654	120229	5.7
56654	160229	7.3
56654	200229	11.1
56664	800229	8.7
56664	840229	4.3
56664	880229	1.3
56664	920229	10.5
56664	960229	3.4
56664	000229	26.1
56664	040229	4.2
56664	080229	16.3
56664	120229	2.8
56664	160229	6.8
56664	200229	1.1
56669	800229	2.8
56669	840229	20.2
56669	880229	5.8
56669	920229	0.0
56669	960229	0.1
56669	000229	16.6
56669	040229	13.6
56669	080229	17.7
56669	120229	2.7
56669	160229	0.5
56669	200229	1.4
56673	800229	8.8
56673	840229	7.1
56673	880229	8.7
56673	920229	29.1
56673	960229	9.7
56673	000229	80.1
56673	040229	6.2
56673	080229	36.1
56673	120229	6.2
56673	160229	16.3
56673	200229	9.5
56684	800229	5.8
56684	840229	9.0
56684	880229	34.9
56684	920229	23.0
56684	960229	13.3
56684	000229	51.0
56684	040229	6.5
56684	080229	38.4
56684	120229	9.6
56684	160229	12.6
56684	200229	17.0
56688	800229	5.9
56688	840229	14.3
56688	880229	40.7
56688	920229	34.2
56688	960229	8.5
56688	000229	40.7
56688	040229	11.1
56688	080229	63.1
56688	120229	18.2
56688	160229	8.8
56688	200229	19.1
56697	800229	1.0
56697	840229	20.6
56697	880229	26.3
56697	920229	26.4
56697	960229	13.7
56697	000229	45.3
56697	040229	15.3
56697	080229	62.3
56697	120229	11.3
56697	160229	11.1
56697	200229	17.6
56739	800229	62.0
56739	840229	0.0
56739	880229	16.7
56739	920229	7.1
56739	960229	6.8
56739	000229	56.9
56739	040229	1.6
56739	080229	9.9
56739	120229	44.8
56739	160229	10.4
56739	200229	8.8
56742	800229	63.5
56742	840229	0.0
56742	880229	19.3
56742	920229	8.9
56742	960229	10.1
56742	000229	77.1
56742	040229	2.1
56742	080229	12.3
56742	120229	52.3
56742	160229	15.2
56742	200229	11.8
56745	800229	32.1
56745	840229	0.2
56745	880229	10.4
56745	920229	6.6
56745	960229	7.0
56745	000229	58.5
56745	040229	0.7
56745	080229	7.8
56745	120229	36.1
56745	160229	10.3
56745	200229	5.3
56746	800229	39.4
56746	840229	0.1
56746	880229	14.3
56746	920229	4.9
56746	960229	7.3
56746	000229	61.2
56746	040229	0.4
56746	080229	9.0
56746	120229	41.5
56746	160229	8.2
56746	200229	5.2
56748	800229	49.0
56748	840229	0.0
56748	880229	9.2
56748	920229	3.6
56748	960229	4.0
56748	000229	50.9
56748	040229	0.6
56748	080229	8.5
56748	120229	28.7
56748	160229	8.6
56748	200229	3.7
56751	800229	28.0
56751	840229	0.3
56751	880229	7.5
56751	920229	2.1
56751	960229	3.8
56751	000229	42.8
56751	040229	0.7
56751	080229	5.5
56751	120229	28.2
56751	160229	6.9
56751	200229	3.5
56752	800229	14.4
56752	840229	1.1
56752	880229	1.5
56752	920229	0.7
56752	960229	0.8
56752	000229	19.4
56752	040229	0.8
56752	080229	4.8
56752	120229	12.3
56752	160229	4.7
56752	200229	1.4
56755	800229	16.0
56755	840229	2.4
56755	880229	10.2
56755	920229	2.1
56755	960229	1.3
56755	000229	50.7
56755	040229	1.4
56755	080229	24.7
56755	120229	16.2
56755	160229	12.3
56755	200229	2.1
56756	800229	15.6
56756	840229	2.3
56756	880229	4.9
56756	920229	1.3
56756	960229	0.6
56756	000229	43.4
56756	040229	0.7
56756	080229	7.8
56756	120229	17.0
56756	160229	8.1
56756	200229	1.2
56757	800229	23.5
56757	840229	0.4
56757	880229	9.0
56757	920229	4.6
56757	960229	2.0
56757	000229	50.7
56757	040229	1.0
56757	080229	17.4
56757	120229	22.0
56757	160229	12.1
56757	200229	3.1
56761	800229	8.9
56761	840229	13.5
56761	880229	5.6
56761	920229	0.4
56761	960229	0.8
56761	000229	29.7
56761	040229	7.9
56761	080229	18.3
56761	120229	8.2
56761	160229	13.4
56761	200229	1.5
56763	800229	2.8
56763	840229	7.4
56763	880229	1.4
56763	920229	0.0
56763	960229	0.2
56763	000229	12.6
56763	040229	3.4
56763	080229	10.0
56763	120229	2.7
56763	160229	1.0
56763	200229	0.4
56764	800229	9.3
56764	840229	12.0
56764	880229	7.0
56764	920229	1.2
56764	960229	0.5
56764	000229	34.5
56764	040229	4.8
56764	080229	12.9
56764	120229	9.5
56764	160229	11.5
56764	200229	2.3
56766	800229	5.5
56766	840229	13.3
56766	880229	9.9
56766	920229	0.6
56766	960229	0.5
56766	000229	27.6
56766	040229	6.2
56766	080229	12.5
56766	120229	12.3
56766	160229	6.4
56766	200229	2.4
56767	800229	6.4
56767	840229	11.0
56767	880229	7.3
56767	920229	0.8
56767	960229	0.8
56767	000229	33.3
56767	040229	4.8
56767	080229	12.2
56767	120229	9.5
56767	160229	8.1
56767	200229	2.6
56768	800229	4.4
56768	840229	8.2
56768	880229	9.8
56768	920229	0.4
56768	960229	0.5
56768	000229	25.2
56768	040229	5.3
56768	080229	8.8
56768	120229	16.1
56768	160229	3.9
56768	200229	2.7
56772	800229	3.6
56772	840229	4.4
56772	880229	9.4
56772	920229	1.6
56772	960229	1.1
56772	000229	15.8
56772	040229	3.4
56772	080229	19.4
56772	120229	23.0
56772	160229	3.6
56772	200229	4.9
56774	800229	7.1
56774	840229	4.5
56774	880229	13.9
56774	920229	2.0
56774	960229	1.6
56774	000229	27.8
56774	040229	4.9
56774	080229	42.3
56774	120229	18.8
56774	160229	6.4
56774	200229	5.3
56775	800229	7.1
56775	840229	4.5
56775	880229	13.9
56775	920229	2.0
56775	960229	1.6
56775	000229	27.8
56775	040229	4.9
56775	080229	42.3
56775	120229	18.8
56775	160229	6.4
56775	200229	5.3
56777	800229	5.1
56777	840229	8.3
56777	880229	7.9
56777	920229	1.4
56777	960229	0.5
56777	000229	18.7
56777	040229	3.8
56777	080229	10.8
56777	120229	18.6
56777	160229	4.0
56777	200229	3.6
56778	800229	6.0
56778	840229	7.7
56778	880229	18.8
56778	920229	3.0
56778	960229	1.6
56778	000229	25.9
56778	040229	6.2
56778	080229	29.1
56778	120229	31.0
56778	160229	6.1
56778	200229	15.2
56781	800229	6.6
56781	840229	6.7
56781	880229	27.0
56781	920229	15.1
56781	960229	3.5
56781	000229	44.3
56781	040229	7.4
56781	080229	64.9
56781	120229	26.7
56781	160229	5.5
56781	200229	14.9
56782	800229	1.7
56782	840229	5.1
56782	880229	18.1
56782	920229	11.4
56782	960229	4.3
56782	000229	26.6
56782	040229	7.5
56782	080229	39.2
56782	120229	28.9
56782	160229	1.8
56782	200229	15.5
56783	800229	2.0
56783	840229	9.7
56783	880229	23.1
56783	920229	11.5
56783	960229	15.0
56783	000229	34.3
56783	040229	8.7
56783	080229	52.2
56783	120229	32.8
56783	160229	2.1
56783	200229	9.8
56785	800229	8.0
56785	840229	9.1
56785	880229	25.8
56785	920229	7.9
56785	960229	2.5
56785	000229	40.9
56785	040229	8.8
56785	080229	55.9
56785	120229	29.3
56785	160229	9.1
56785	200229	18.8
56786	800229	2.0
56786	840229	9.7
56786	880229	23.1
56786	920229	11.5
56786	960229	15.0
56786	000229	34.3
56786	040229	8.7
56786	080229	52.2
56786	120229	32.8
56786	160229	2.1
56786	200229	9.8
56788	800229	2.1
56788	840229	9.0
56788	880229	27.8
56788	920229	7.4
56788	960229	14.4
56788	000229	30.7
56788	040229	5.6
56788	080229	31.5
56788	120229	26.2
56788	160229	3.0
56788	200229	15.2
56790	800229	3.5
56790	840229	20.5
56790	880229	23.5
56790	920229	19.0
56790	960229	12.7
56790	000229	34.5
56790	040229	13.5
56790	080229	41.5
56790	120229	33.7
56790	160229	13.4
56790	200229	19.5
56835	800229	31.5
56835	840229	0.0
56835	880229	2.4
56835	920229	3.7
56835	960229	0.9
56835	000229	15.6
56835	040229	0.5
56835	080229	2.0
56835	120229	13.2
56835	160229	11.3
56835	200229	4.2
56836	800229	73.8
56836	840229	0.0
56836	880229	21.8
56836	920229	10.8
56836	960229	12.1
56836	000229	59.2
56836	040229	1.4
56836	080229	17.6
56836	120229	52.8
56836	160229	24.8
56836	200229	24.2
56838	800229	31.5
56838	840229	0.0
56838	880229	2.4
56838	920229	3.7
56838	960229	0.9
56838	000229	15.6
56838	040229	0.5
56838	080229	2.0
56838	120229	13.2
56838	160229	11.3
56838	200229	4.2
56839	800229	18.9
56839	840229	0.0
56839	880229	3.7
56839	920229	1.5
56839	960229	0.3
56839	000229	26.0
56839	040229	2.1
56839	080229	9.8
56839	120229	24.3
56839	160229	11.4
56839	200229	7.7
56840	800229	56.2
56840	840229	0.0
56840	880229	12.3
56840	920229	6.3
56840	960229	5.9
56840	000229	41.5
56840	040229	1.0
56840	080229	7.2
56840	120229	38.2
56840	160229	13.4
56840	200229	12.9
56841	800229	55.1
56841	840229	0.0
56841	880229	8.9
56841	920229	5.0
56841	960229	3.6
56841	000229	57.2
56841	040229	1.3
56841	080229	14.5
56841	120229	25.4
56841	160229	18.3
56841	200229	10.3
56842	800229	41.4
56842	840229	0.0
56842	880229	10.1
56842	920229	2.8
56842	960229	3.0
56842	000229	46.5
56842	040229	0.6
56842	080229	9.4
56842	120229	23.4
56842	160229	7.8
56842	200229	4.1
56843	800229	38.1
56843	840229	0.0
56843	880229	13.7
56843	920229	3.8
56843	960229	2.3
56843	000229	55.4
56843	040229	0.5
56843	080229	11.0
56843	120229	23.7
56843	160229	14.4
56843	200229	4.6
56844	800229	37.8
56844	840229	0.0
56844	880229	6.6
56844	920229	4.3
56844	960229	2.2
56844	000229	34.9
56844	040229	0.5
56844	080229	9.4
56844	120229	18.1
56844	160229	8.5
56844	200229	6.4
56846	800229	30.2
56846	840229	0.3
56846	880229	11.0
56846	920229	3.0
56846	960229	1.3
56846	000229	41.4
56846	040229	1.8
56846	080229	31.4
56846	120229	26.6
56846	160229	19.9
56846	200229	5.4
56849	800229	25.8
56849	840229	0.0
56849	880229	5.9
56849	920229	3.5
56849	960229	1.7
56849	000229	25.5
56849	040229	2.3
56849	080229	15.7
56849	120229	24.1
56849	160229	9.2
56849	200229	3.9
56851	800229	15.0
56851	840229	3.4
56851	880229	9.1
56851	920229	2.3
56851	960229	0.9
56851	000229	48.5
56851	040229	2.0
56851	080229	29.1
56851	120229	14.5
56851	160229	10.3
56851	200229	3.4
56854	800229	16.1
56854	840229	2.5
56854	880229	8.0
56854	920229	1.5
56854	960229	1.2
56854	000229	47.6
56854	040229	4.2
56854	080229	58.9
56854	120229	23.5
56854	160229	14.3
56854	200229	5.4
56856	800229	9.3
56856	840229	7.0
56856	880229	13.0
56856	920229	1.6
56856	960229	1.0
56856	000229	37.2
56856	040229	2.8
56856	080229	38.0
56856	120229	27.5
56856	160229	8.2
56856	200229	4.8
56862	800229	3.7
56862	840229	6.3
56862	880229	9.3
56862	920229	0.6
56862	960229	0.4
56862	000229	23.2
56862	040229	3.9
56862	080229	7.6
56862	120229	22.7
56862	160229	3.1
56862	200229	3.1
56863	800229	4.1
56863	840229	6.1
56863	880229	11.5
56863	920229	1.3
56863	960229	1.2
56863	000229	15.9
56863	040229	3.8
56863	080229	14.3
56863	120229	28.4
56863	160229	2.5
56863	200229	7.4
56867	800229	2.3
56867	840229	13.6
56867	880229	11.3
56867	920229	1.6
56867	960229	0.2
56867	000229	25.4
56867	040229	2.2
56867	080229	36.3
56867	120229	22.8
56867	160229	3.7
56867	200229	3.5
56869	800229	4.2
56869	840229	3.9
56869	880229	16.5
56869	920229	1.1
56869	960229	1.2
56869	000229	25.1
56869	040229	1.1
56869	080229	17.2
56869	120229	16.0
56869	160229	0.4
56869	200229	3.2
56870	800229	4.6
56870	840229	1.9
56870	880229	6.7
56870	920229	1.4
56870	960229	1.5
56870	000229	11.6
56870	040229	1.4
56870	080229	10.9
56870	120229	25.2
56870	160229	2.9
56870	200229	5.3
56871	800229	4.4
56871	840229	4.3
56871	880229	11.3
56871	920229	1.3
56871	960229	1.3
56871	000229	14.6
56871	040229	2.8
56871	080229	12.2
56871	120229	28.4
56871	160229	2.0
56871	200229	9.1
56872	800229	4.1
56872	840229	6.1
56872	880229	11.5
56872	920229	1.3
56872	960229	1.2
56872	000229	15.9
56872	040229	3.8
56872	080229	14.3
56872	120229	28.4
56872	160229	2.5
56872	200229	7.4
56873	800229	4.5
56873	840229	7.2
56873	880229	17.9
56873	920229	2.7
56873	960229	1.7
56873	000229	15.6
56873	040229	6.0
56873	080229	18.6
56873	120229	18.9
56873	160229	2.8
56873	200229	11.4
56875	800229	3.9
56875	840229	4.0
56875	880229	13.9
56875	920229	1.7
56875	960229	1.1
56875	000229	16.0
56875	040229	2.1
56875	080229	14.1
56875	120229	15.4
56875	160229	1.8
56875	200229	6.1
56876	800229	3.0
56876	840229	6.5
56876	880229	14.8
56876	920229	1.9
56876	960229	1.3
56876	000229	16.4
56876	040229	3.1
56876	080229	13.3
56876	120229	17.4
56876	160229	1.9
56876	200229	7.6
56878	800229	3.0
56878	840229	6.5
56878	880229	14.8
56878	920229	1.9
56878	960229	1.3
56878	000229	16.4
56878	040229	3.1
56878	080229	13.3
56878	120229	17.4
56878	160229	1.9
56878	200229	7.6
56879	800229	4.2
56879	840229	7.6
56879	880229	17.3
56879	920229	2.4
56879	960229	2.1
56879	000229	21.2
56879	040229	3.3
56879	080229	14.4
56879	120229	21.2
56879	160229	3.1
56879	200229	14.0
56880	800229	2.3
56880	840229	5.2
56880	880229	19.8
56880	920229	4.2
56880	960229	1.6
56880	000229	17.2
56880	040229	6.9
56880	080229	29.5
56880	120229	22.9
56880	160229	2.5
56880	200229	8.3
56881	800229	2.7
56881	840229	4.1
56881	880229	14.5
56881	920229	2.7
56881	960229	1.6
56881	000229	13.5
56881	040229	4.5
56881	080229	20.4
56881	120229	16.9
56881	160229	2.4
56881	200229	10.6
56882	800229	6.0
56882	840229	7.7
56882	880229	18.8
56882	920229	3.0
56882	960229	1.6
56882	000229	25.9
56882	040229	6.2
56882	080229	29.1
56882	120229	31.0
56882	160229	6.1
56882	200229	15.2
56883	800229	2.4
56883	840229	17.0
56883	880229	20.6
56883	920229	11.9
56883	960229	16.4
56883	000229	36.5
56883	040229	11.6
56883	080229	41.0
56883	120229	21.7
56883	160229	5.5
56883	200229	24.7
56885	800229	3.0
56885	840229	5.0
56885	880229	7.9
56885	920229	3.7
56885	960229	2.1
56885	000229	12.5
56885	040229	3.1
56885	080229	11.9
56885	120229	17.1
56885	160229	1.6
56885	200229	12.8
56886	800229	2.1
56886	840229	8.9
56886	880229	13.3
56886	920229	5.9
56886	960229	13.6
56886	000229	18.6
56886	040229	3.7
56886	080229	10.3
56886	120229	16.2
56886	160229	2.8
56886	200229	15.3
56889	800229	5.6
56889	840229	11.5
56889	880229	16.4
56889	920229	7.2
56889	960229	18.6
56889	000229	30.4
56889	040229	7.0
56889	080229	11.0
56889	120229	14.9
56889	160229	4.6
56889	200229	19.0
56891	800229	1.8
56891	840229	13.4
56891	880229	13.1
56891	920229	9.6
56891	960229	9.5
56891	000229	28.5
56891	040229	11.0
56891	080229	49.7
56891	120229	17.7
56891	160229	3.8
56891	200229	20.4
56898	800229	3.9
56898	840229	4.0
56898	880229	13.9
56898	920229	1.7
56898	960229	1.1
56898	000229	16.0
56898	040229	2.1
56898	080229	14.1
56898	120229	15.4
56898	160229	1.8
56898	200229	6.1
56944	800229	10.8
56944	840229	0.0
56944	880229	1.9
56944	920229	2.0
56944	960229	1.9
56944	000229	18.5
56944	040229	8.5
56944	080229	28.3
56944	120229	35.5
56944	160229	10.5
56944	200229	1.7
56946	800229	10.9
56946	840229	0.5
56946	880229	2.5
56946	920229	2.7
56946	960229	0.9
56946	000229	27.1
56946	040229	10.3
56946	080229	43.8
56946	120229	39.4
56946	160229	10.8
56946	200229	1.6
56948	800229	4.5
56948	840229	1.3
56948	880229	0.5
56948	920229	1.0
56948	960229	0.4
56948	000229	14.5
56948	040229	2.3
56948	080229	30.3
56948	120229	16.2
56948	160229	5.3
56948	200229	0.5
56949	800229	1.0
56949	840229	3.6
56949	880229	1.1
56949	920229	0.4
56949	960229	1.5
56949	000229	13.1
56949	040229	2.7
56949	080229	27.3
56949	120229	8.3
56949	160229	2.0
56949	200229	0.6
56950	800229	10.0
56950	840229	1.2
56950	880229	3.6
56950	920229	2.4
56950	960229	0.9
56950	000229	25.9
56950	040229	7.8
56950	080229	39.6
56950	120229	36.4
56950	160229	7.0
56950	200229	1.6
56951	800229	15.2
56951	840229	0.8
56951	880229	5.7
56951	920229	3.2
56951	960229	2.5
56951	000229	26.7
56951	040229	2.0
56951	080229	32.9
56951	120229	36.6
56951	160229	12.9
56951	200229	5.3
56952	800229	4.4
56952	840229	6.2
56952	880229	4.3
56952	920229	1.0
56952	960229	0.4
56952	000229	13.7
56952	040229	1.3
56952	080229	29.8
56952	120229	19.2
56952	160229	1.2
56952	200229	0.8
56954	800229	1.3
56954	840229	7.5
56954	880229	3.7
56954	920229	0.9
56954	960229	2.2
56954	000229	15.0
56954	040229	1.9
56954	080229	39.1
56954	120229	8.3
56954	160229	2.4
56954	200229	1.4
56958	800229	0.3
56958	840229	11.5
56958	880229	17.7
56958	920229	0.1
56958	960229	1.0
56958	000229	16.3
56958	040229	0.6
56958	080229	36.0
56958	120229	0.8
56958	160229	1.3
56958	200229	1.1
56959	800229	0.0
56959	840229	3.3
56959	880229	7.4
56959	920229	0.0
56959	960229	3.0
56959	000229	15.5
56959	040229	0.2
56959	080229	29.2
56959	120229	0.2
56959	160229	0.7
56959	200229	0.8
56961	800229	3.4
56961	840229	10.5
56961	880229	12.1
56961	920229	0.2
56961	960229	0.1
56961	000229	19.3
56961	040229	1.5
56961	080229	47.8
56961	120229	9.0
56961	160229	1.1
56961	200229	1.8
56962	800229	2.9
56962	840229	20.7
56962	880229	20.2
56962	920229	1.2
56962	960229	1.2
56962	000229	27.2
56962	040229	4.9
56962	080229	50.7
56962	120229	16.5
56962	160229	1.1
56962	200229	5.7
56964	800229	1.9
56964	840229	6.9
56964	880229	8.5
56964	920229	0.4
56964	960229	0.2
56964	000229	12.8
56964	040229	0.9
56964	080229	43.7
56964	120229	8.2
56964	160229	0.9
56964	200229	1.3
56966	800229	5.5
56966	840229	44.8
56966	880229	42.6
56966	920229	0.9
56966	960229	1.9
56966	000229	49.9
56966	040229	7.3
56966	080229	66.3
56966	120229	19.2
56966	160229	0.8
56966	200229	15.7
56969	800229	0.0
56969	840229	4.1
56969	880229	10.8
56969	920229	0.4
56969	960229	8.1
56969	000229	27.7
56969	040229	0.7
56969	080229	14.0
56969	120229	0.0
56969	160229	0.1
56969	200229	4.6
56970	800229	2.7
56970	840229	3.6
56970	880229	11.5
56970	920229	0.8
56970	960229	1.4
56970	000229	18.1
56970	040229	2.2
56970	080229	14.9
56970	120229	14.9
56970	160229	0.4
56970	200229	4.0
56973	800229	7.1
56973	840229	6.3
56973	880229	16.9
56973	920229	3.4
56973	960229	3.5
56973	000229	29.0
56973	040229	2.6
56973	080229	18.6
56973	120229	22.4
56973	160229	1.4
56973	200229	25.7
56975	800229	4.9
56975	840229	36.0
56975	880229	42.3
56975	920229	11.0
56975	960229	18.5
56975	000229	53.4
56975	040229	10.3
56975	080229	45.1
56975	120229	18.0
56975	160229	2.1
56975	200229	50.6
56977	800229	1.2
56977	840229	22.4
56977	880229	14.5
56977	920229	1.0
56977	960229	7.5
56977	000229	24.1
56977	040229	1.3
56977	080229	52.0
56977	120229	3.5
56977	160229	0.8
56977	200229	15.4
56978	800229	4.0
56978	840229	46.3
56978	880229	39.7
56978	920229	8.6
56978	960229	18.5
56978	000229	46.8
56978	040229	9.5
56978	080229	43.0
56978	120229	12.9
56978	160229	2.9
56978	200229	37.0
56982	800229	2.9
56982	840229	1.8
56982	880229	2.4
56982	920229	1.5
56982	960229	1.3
56982	000229	12.2
56982	040229	1.8
56982	080229	9.9
56982	120229	11.1
56982	160229	0.2
56982	200229	14.2
56984	800229	5.7
56984	840229	1.7
56984	880229	3.6
56984	920229	1.4
56984	960229	2.7
56984	000229	15.9
56984	040229	1.0
56984	080229	8.4
56984	120229	10.6
56984	160229	0.7
56984	200229	10.6
56985	800229	6.1
56985	840229	1.5
56985	880229	5.2
56985	920229	1.8
56985	960229	4.5
56985	000229	18.3
56985	040229	1.0
56985	080229	13.7
56985	120229	15.1
56985	160229	1.3
56985	200229	17.7
56986	800229	1.1
56986	840229	22.4
56986	880229	23.5
56986	920229	12.0
56986	960229	8.4
56986	000229	38.5
56986	040229	15.6
56986	080229	11.1
56986	120229	5.0
56986	160229	1.2
56986	200229	16.8
56987	800229	4.0
56987	840229	26.3
56987	880229	26.7
56987	920229	7.3
56987	960229	17.5
56987	000229	50.2
56987	040229	5.2
56987	080229	31.9
56987	120229	9.3
56987	160229	4.0
56987	200229	64.8
56991	800229	2.5
56991	840229	5.5
56991	880229	6.4
56991	920229	3.2
56991	960229	10.5
56991	000229	16.0
56991	040229	7.4
56991	080229	9.2
56991	120229	8.1
56991	160229	1.7
56991	200229	10.9
56992	800229	7.5
56992	840229	7.5
56992	880229	10.3
56992	920229	8.7
56992	960229	18.4
56992	000229	31.6
56992	040229	9.6
56992	080229	10.3
56992	120229	29.1
56992	160229	17.7
56992	200229	37.7
56994	800229	2.5
56994	840229	5.5
56994	880229	6.4
56994	920229	3.2
56994	960229	10.5
56994	000229	16.0
56994	040229	7.4
56994	080229	9.2
56994	120229	8.1
56994	160229	1.7
56994	200229	10.9
59007	800229	11.4
59007	840229	13.2
59007	880229	10.6
59007	920229	8.4
59007	960229	10.1
59007	000229	35.4
59007	040229	9.0
59007	080229	6.8
59007	120229	16.1
59007	160229	4.9
59007	200229	22.5
59205	800229	2.0
59205	840229	16.0
59205	880229	14.6
59205	920229	12.7
59205	960229	7.3
59205	000229	43.2
59205	040229	9.7
59205	080229	3.5
59205	120229	29.2
59205	160229	5.2
59205	200229	30.1
56598	800229	10.2
56598	840229	33.9
56598	880229	19.0
56598	920229	44.9
56598	960229	13.2
56598	000229	36.2
56598	040229	37.4
56598	080229	22.4
56598	120229	16.8
56598	160229	35.8
56598	200229	28.2
56691	800229	1.6
56691	840229	19.9
56691	880229	21.0
56691	920229	32.8
56691	960229	8.3
56691	000229	51.7
56691	040229	18.8
56691	080229	35.5
56691	120229	13.0
56691	160229	24.5
56691	200229	9.7
56693	800229	1.9
56693	840229	25.1
56693	880229	18.1
56693	920229	27.2
56693	960229	4.7
56693	000229	47.0
56693	040229	20.4
56693	080229	27.7
56693	120229	24.5
56693	160229	24.5
56693	200229	14.4
56792	800229	2.1
56792	840229	32.1
56792	880229	21.9
56792	920229	24.4
56792	960229	7.7
56792	000229	45.8
56792	040229	21.1
56792	080229	34.3
56792	120229	45.3
56792	160229	14.3
56792	200229	24.7
56793	800229	2.6
56793	840229	28.2
56793	880229	19.5
56793	920229	24.2
56793	960229	7.8
56793	000229	41.0
56793	040229	20.1
56793	080229	42.5
56793	120229	37.3
56793	160229	17.7
56793	200229	22.8
57800	800229	10.7
57800	840229	23.4
57800	880229	13.1
57800	920229	25.3
57800	960229	4.1
57800	000229	22.6
57800	040229	20.5
57800	080229	25.9
57800	120229	19.7
57800	160229	31.8
57800	200229	28.0
57805	800229	18.7
57805	840229	19.6
57805	880229	18.4
57805	920229	28.2
57805	960229	4.2
57805	000229	20.1
57805	040229	24.9
57805	080229	24.5
57805	120229	25.9
57805	160229	33.6
57805	200229	29.9
57806	800229	20.8
57806	840229	24.4
57806	880229	11.5
57806	920229	34.2
57806	960229	4.7
57806	000229	42.2
57806	040229	17.0
57806	080229	30.2
57806	120229	39.4
57806	160229	31.3
57806	200229	45.2
57807	800229	9.0
57807	840229	26.0
57807	880229	12.6
57807	920229	33.3
57807	960229	2.8
57807	000229	43.0
57807	040229	19.7
57807	080229	32.5
57807	120229	37.8
57807	160229	27.4
57807	200229	29.3
57808	800229	14.9
57808	840229	25.8
57808	880229	11.9
57808	920229	36.2
57808	960229	3.4
57808	000229	42.2
57808	040229	17.9
57808	080229	30.5
57808	120229	38.2
57808	160229	30.3
57808	200229	37.8
57809	800229	15.4
57809	840229	11.5
57809	880229	6.1
57809	920229	24.9
57809	960229	2.6
57809	000229	25.4
57809	040229	8.1
57809	080229	35.4
57809	120229	27.4
57809	160229	18.1
57809	200229	33.7
57814	800229	35.4
57814	840229	15.3
57814	880229	12.1
57814	920229	27.8
57814	960229	4.7
57814	000229	26.9
57814	040229	21.1
57814	080229	28.6
57814	120229	40.5
57814	160229	35.5
57814	200229	41.9
57818	800229	49.2
57818	840229	22.3
57818	880229	11.6
57818	920229	21.9
57818	960229	7.7
57818	000229	34.1
57818	040229	10.6
57818	080229	30.8
57818	120229	33.0
57818	160229	20.7
57818	200229	43.4
57900	800229	6.0
57900	840229	25.2
57900	880229	14.1
57900	920229	19.7
57900	960229	5.1
57900	000229	26.4
57900	040229	18.9
57900	080229	31.4
57900	120229	33.9
57900	160229	11.0
57900	200229	19.2
57902	800229	7.5
57902	840229	15.2
57902	880229	13.7
57902	920229	17.8
57902	960229	5.0
57902	000229	35.2
57902	040229	10.7
57902	080229	32.7
57902	120229	24.3
57902	160229	8.4
57902	200229	20.8
57903	800229	11.3
57903	840229	14.3
57903	880229	6.1
57903	920229	23.1
57903	960229	1.8
57903	000229	26.0
57903	040229	10.5
57903	080229	34.3
57903	120229	32.3
57903	160229	15.8
57903	200229	26.4
57905	800229	3.4
57905	840229	17.3
57905	880229	9.2
57905	920229	18.7
57905	960229	4.6
57905	000229	39.3
57905	040229	10.4
57905	080229	34.4
57905	120229	27.3
57905	160229	10.2
57905	200229	32.4
57906	800229	7.3
57906	840229	16.8
57906	880229	6.4
57906	920229	16.0
57906	960229	3.8
57906	000229	41.3
57906	040229	9.3
57906	080229	21.5
57906	120229	29.5
57906	160229	11.4
57906	200229	29.4
57907	800229	2.7
57907	840229	25.5
57907	880229	18.5
57907	920229	24.1
57907	960229	6.9
57907	000229	51.3
57907	040229	17.6
57907	080229	27.5
57907	120229	28.6
57907	160229	5.9
57907	200229	21.7
57908	800229	4.2
57908	840229	18.2
57908	880229	15.8
57908	920229	17.7
57908	960229	5.6
57908	000229	42.4
57908	040229	8.1
57908	080229	21.1
57908	120229	24.7
57908	160229	4.7
57908	200229	30.6
57909	800229	6.2
57909	840229	15.8
57909	880229	6.8
57909	920229	16.5
57909	960229	4.6
57909	000229	37.0
57909	040229	7.7
57909	080229	19.6
57909	120229	30.6
57909	160229	8.1
57909	200229	30.7
57910	800229	10.8
57910	840229	21.0
57910	880229	8.5
57910	920229	18.9
57910	960229	3.0
57910	000229	38.9
57910	040229	9.8
57910	080229	31.2
57910	120229	26.5
57910	160229	13.3
57910	200229	32.6
57912	800229	38.6
57912	840229	12.3
57912	880229	10.2
57912	920229	20.9
57912	960229	10.1
57912	000229	32.8
57912	040229	16.4
57912	080229	35.9
57912	120229	32.7
57912	160229	30.1
57912	200229	37.4
56038	800229	6.7
56038	840229	2.1
56038	880229	8.0
56038	920229	7.4
56038	960229	0.8
56038	000229	12.8
56038	040229	6.9
56038	080229	1.3
56038	120229	21.0
56038	160229	6.8
56038	200229	3.8
56079	800229	10.7
56079	840229	7.8
56079	880229	11.0
56079	920229	8.7
56079	960229	0.7
56079	000229	15.0
56079	040229	9.4
56079	080229	1.0
56079	120229	13.8
56079	160229	0.6
56079	200229	21.8
56097	800229	9.4
56097	840229	13.0
56097	880229	14.5
56097	920229	15.2
56097	960229	4.1
56097	000229	20.8
56097	040229	19.6
56097	080229	7.0
56097	120229	15.8
56097	160229	12.9
56097	200229	17.5
56144	800229	12.4
56144	840229	14.3
56144	880229	16.9
56144	920229	18.4
56144	960229	1.0
56144	000229	18.7
56144	040229	13.7
56144	080229	3.3
56144	120229	10.4
56144	160229	1.8
56144	200229	4.1
56146	800229	3.7
56146	840229	18.5
56146	880229	16.2
56146	920229	25.0
56146	960229	0.3
56146	000229	12.1
56146	040229	24.0
56146	080229	5.4
56146	120229	3.3
56146	160229	2.8
56146	200229	2.1
56147	800229	6.9
56147	840229	19.0
56147	880229	18.0
56147	920229	29.5
56147	960229	2.2
56147	000229	16.1
56147	040229	24.1
56147	080229	7.6
56147	120229	6.7
56147	160229	2.8
56147	200229	4.5
56152	800229	8.5
56152	840229	8.2
56152	880229	14.4
56152	920229	16.5
56152	960229	1.6
56152	000229	15.8
56152	040229	9.0
56152	080229	1.6
56152	120229	8.3
56152	160229	4.9
56152	200229	3.4
56158	800229	4.7
56158	840229	17.9
56158	880229	16.2
56158	920229	22.7
56158	960229	0.9
56158	000229	15.4
56158	040229	22.1
56158	080229	5.3
56158	120229	2.2
56158	160229	4.7
56158	200229	2.1
56164	800229	8.9
56164	840229	9.2
56164	880229	16.7
56164	920229	17.3
56164	960229	1.5
56164	000229	18.7
56164	040229	11.5
56164	080229	1.9
56164	120229	7.6
56164	160229	3.7
56164	200229	5.0
56167	800229	4.3
56167	840229	21.1
56167	880229	17.4
56167	920229	34.1
56167	960229	1.1
56167	000229	7.7
56167	040229	25.9
56167	080229	7.0
56167	120229	2.3
56167	160229	1.5
56167	200229	2.1
56168	800229	3.9
56168	840229	20.3
56168	880229	23.2
56168	920229	28.5
56168	960229	1.5
56168	000229	20.3
56168	040229	25.9
56168	080229	7.9
56168	120229	9.0
56168	160229	7.3
56168	200229	8.2
56171	800229	11.2
56171	840229	6.5
56171	880229	14.3
56171	920229	10.3
56171	960229	1.0
56171	000229	19.2
56171	040229	8.9
56171	080229	0.8
56171	120229	12.4
56171	160229	3.3
56171	200229	5.8
56172	800229	5.2
56172	840229	13.3
56172	880229	20.4
56172	920229	20.8
56172	960229	2.1
56172	000229	14.6
56172	040229	14.8
56172	080229	2.0
56172	120229	8.8
56172	160229	4.0
56172	200229	6.9
56173	800229	7.1
56173	840229	9.1
56173	880229	17.9
56173	920229	13.4
56173	960229	1.7
56173	000229	17.1
56173	040229	9.8
56173	080229	0.5
56173	120229	10.4
56173	160229	2.3
56173	200229	6.7
56178	800229	5.6
56178	840229	14.9
56178	880229	25.3
56178	920229	26.5
56178	960229	1.6
56178	000229	8.3
56178	040229	21.4
56178	080229	5.0
56178	120229	2.7
56178	160229	2.7
56178	200229	3.5
56181	800229	18.7
56181	840229	4.7
56181	880229	8.7
56181	920229	17.7
56181	960229	7.8
56181	000229	18.2
56181	040229	10.0
56181	080229	11.1
56181	120229	17.8
56181	160229	12.7
56181	200229	5.2
56182	800229	6.4
56182	840229	8.8
56182	880229	18.0
56182	920229	11.0
56182	960229	2.3
56182	000229	17.1
56182	040229	10.1
56182	080229	0.7
56182	120229	9.7
56182	160229	3.7
56182	200229	22.2
56183	800229	8.5
56183	840229	16.6
56183	880229	22.7
56183	920229	22.8
56183	960229	10.0
56183	000229	22.5
56183	040229	23.4
56183	080229	11.0
56183	120229	9.4
56183	160229	29.3
56183	200229	25.7
56185	800229	5.9
56185	840229	15.1
56185	880229	24.3
56185	920229	21.3
56185	960229	4.1
56185	000229	16.9
56185	040229	18.8
56185	080229	2.7
56185	120229	10.0
56185	160229	7.0
56185	200229	16.2
56186	800229	16.2
56186	840229	11.7
56186	880229	17.4
56186	920229	25.2
56186	960229	6.0
56186	000229	28.2
56186	040229	23.2
56186	080229	10.6
56186	120229	27.7
56186	160229	20.7
56186	200229	10.7
56187	800229	18.7
56187	840229	4.7
56187	880229	8.7
56187	920229	17.7
56187	960229	7.8
56187	000229	18.2
56187	040229	10.0
56187	080229	11.1
56187	120229	17.8
56187	160229	12.7
56187	200229	5.2
56188	800229	26.0
56188	840229	26.3
56188	880229	31.4
56188	920229	48.2
56188	960229	22.0
56188	000229	37.0
56188	040229	27.1
56188	080229	27.4
56188	120229	46.5
56188	160229	24.8
56188	200229	26.6
56189	800229	13.3
56189	840229	6.1
56189	880229	12.6
56189	920229	16.6
56189	960229	4.7
56189	000229	18.4
56189	040229	18.7
56189	080229	10.3
56189	120229	13.5
56189	160229	15.1
56189	200229	3.7
56190	800229	17.6
56190	840229	11.1
56190	880229	20.8
56190	920229	31.9
56190	960229	5.1
56190	000229	36.1
56190	040229	26.2
56190	080229	15.1
56190	120229	36.5
56190	160229	16.1
56190	200229	17.6
56193	800229	17.0
56193	840229	12.9
56193	880229	18.6
56193	920229	22.2
56193	960229	8.0
56193	000229	34.1
56193	040229	22.9
56193	080229	16.3
56193	120229	26.9
56193	160229	29.3
56193	200229	18.8
56194	800229	18.6
56194	840229	12.0
56194	880229	22.4
56194	920229	34.1
56194	960229	6.4
56194	000229	39.4
56194	040229	26.6
56194	080229	15.7
56194	120229	40.4
56194	160229	19.8
56194	200229	20.3
56195	800229	13.0
56195	840229	4.1
56195	880229	7.7
56195	920229	12.3
56195	960229	1.8
56195	000229	18.8
56195	040229	17.7
56195	080229	4.3
56195	120229	12.1
56195	160229	7.9
56195	200229	7.1
56196	800229	11.9
56196	840229	3.1
56196	880229	6.1
56196	920229	10.2
56196	960229	0.7
56196	000229	15.2
56196	040229	17.4
56196	080229	3.6
56196	120229	7.9
56196	160229	4.5
56196	200229	4.2
56197	800229	16.2
56197	840229	11.7
56197	880229	17.4
56197	920229	25.2
56197	960229	6.0
56197	000229	28.2
56197	040229	23.2
56197	080229	10.6
56197	120229	27.7
56197	160229	20.7
56197	200229	10.7
56198	800229	10.8
56198	840229	3.8
56198	880229	7.9
56198	920229	11.0
56198	960229	1.0
56198	000229	14.3
56198	040229	15.2
56198	080229	4.5
56198	120229	11.3
56198	160229	5.0
56198	200229	4.4
56199	800229	11.4
56199	840229	9.7
56199	880229	15.2
56199	920229	14.6
56199	960229	1.5
56199	000229	20.3
56199	040229	25.1
56199	080229	5.2
56199	120229	10.7
56199	160229	3.8
56199	200229	7.4
56247	800229	12.0
56247	840229	41.9
56247	880229	10.2
56247	920229	45.3
56247	960229	5.8
56247	000229	12.8
56247	040229	40.7
56247	080229	9.2
56247	120229	12.6
56247	160229	12.5
56247	200229	6.8
56251	800229	2.0
56251	840229	22.2
56251	880229	17.5
56251	920229	30.2
56251	960229	0.5
56251	000229	7.5
56251	040229	34.6
56251	080229	4.9
56251	120229	2.8
56251	160229	2.4
56251	200229	3.5
56257	800229	3.8
56257	840229	14.3
56257	880229	8.2
56257	920229	28.8
56257	960229	2.0
56257	000229	4.9
56257	040229	18.3
56257	080229	3.7
56257	120229	2.6
56257	160229	2.6
56257	200229	1.0
56263	800229	6.1
56263	840229	19.7
56263	880229	26.9
56263	920229	30.5
56263	960229	1.5
56263	000229	10.4
56263	040229	26.0
56263	080229	6.4
56263	120229	3.2
56263	160229	1.9
56263	200229	3.7
56267	800229	4.7
56267	840229	20.1
56267	880229	8.5
56267	920229	30.3
56267	960229	7.2
56267	000229	7.3
56267	040229	23.5
56267	080229	7.5
56267	120229	3.5
56267	160229	2.3
56267	200229	3.5
56272	800229	7.5
56272	840229	4.7
56272	880229	10.2
56272	920229	8.2
56272	960229	1.6
56272	000229	9.7
56272	040229	11.8
56272	080229	3.1
56272	120229	4.3
56272	160229	4.6
56272	200229	2.6
56276	800229	11.5
56276	840229	8.8
56276	880229	8.0
56276	920229	19.2
56276	960229	3.3
56276	000229	19.2
56276	040229	15.6
56276	080229	9.3
56276	120229	12.4
56276	160229	7.5
56276	200229	3.6
56279	800229	23.8
56279	840229	22.9
56279	880229	13.7
56279	920229	50.4
56279	960229	43.3
56279	000229	34.2
56279	040229	35.9
56279	080229	16.8
56279	120229	21.3
56279	160229	38.3
56279	200229	29.5
56280	800229	23.7
56280	840229	25.8
56280	880229	21.8
56280	920229	42.5
56280	960229	41.7
56280	000229	42.8
56280	040229	34.8
56280	080229	14.6
56280	120229	31.9
56280	160229	33.9
56280	200229	31.0
56281	800229	11.8
56281	840229	10.2
56281	880229	6.2
56281	920229	20.3
56281	960229	18.3
56281	000229	13.6
56281	040229	18.8
56281	080229	6.8
56281	120229	8.0
56281	160229	13.1
56281	200229	4.8
56284	800229	14.7
56284	840229	11.6
56284	880229	10.6
56284	920229	37.4
56284	960229	14.7
56284	000229	26.5
56284	040229	25.7
56284	080229	16.1
56284	120229	17.1
56284	160229	28.3
56284	200229	10.5
56285	800229	14.7
56285	840229	11.6
56285	880229	10.6
56285	920229	37.4
56285	960229	14.7
56285	000229	26.5
56285	040229	25.7
56285	080229	16.1
56285	120229	17.1
56285	160229	28.3
56285	200229	10.5
56286	800229	12.6
56286	840229	15.0
56286	880229	29.4
56286	920229	18.3
56286	960229	1.5
56286	000229	25.5
56286	040229	33.9
56286	080229	3.6
56286	120229	17.0
56286	160229	2.8
56286	200229	5.8
56287	800229	23.7
56287	840229	25.8
56287	880229	21.8
56287	920229	42.5
56287	960229	41.7
56287	000229	42.8
56287	040229	34.8
56287	080229	14.6
56287	120229	31.9
56287	160229	33.9
56287	200229	31.0
56288	800229	9.2
56288	840229	12.8
56288	880229	14.0
56288	920229	15.4
56288	960229	0.7
56288	000229	22.7
56288	040229	22.2
56288	080229	4.6
56288	120229	11.2
56288	160229	3.5
56288	200229	5.5
56289	800229	11.2
56289	840229	10.0
56289	880229	18.1
56289	920229	19.8
56289	960229	7.8
56289	000229	22.4
56289	040229	21.2
56289	080229	5.9
56289	120229	20.0
56289	160229	7.8
56289	200229	4.1
56290	800229	9.9
56290	840229	10.0
56290	880229	17.0
56290	920229	12.6
56290	960229	1.4
56290	000229	22.0
56290	040229	18.8
56290	080229	2.6
56290	120229	12.0
56290	160229	3.1
56290	200229	5.2
56291	800229	10.1
56291	840229	4.1
56291	880229	9.2
56291	920229	7.5
56291	960229	0.8
56291	000229	12.3
56291	040229	12.2
56291	080229	3.5
56291	120229	9.4
56291	160229	4.3
56291	200229	3.6
56295	800229	10.5
56295	840229	12.0
56295	880229	22.5
56295	920229	16.5
56295	960229	1.5
56295	000229	18.7
56295	040229	33.6
56295	080229	2.7
56295	120229	12.4
56295	160229	2.0
56295	200229	5.5
56296	800229	10.0
56296	840229	10.9
56296	880229	16.7
56296	920229	14.5
56296	960229	1.8
56296	000229	21.9
56296	040229	26.4
56296	080229	3.9
56296	120229	13.0
56296	160229	2.5
56296	200229	6.5
56297	800229	10.0
56297	840229	10.9
56297	880229	22.4
56297	920229	16.6
56297	960229	8.4
56297	000229	20.0
56297	040229	31.0
56297	080229	2.8
56297	120229	14.7
56297	160229	8.1
56297	200229	6.0
56298	800229	8.6
56298	840229	9.2
56298	880229	14.6
56298	920229	17.7
56298	960229	4.3
56298	000229	15.6
56298	040229	31.7
56298	080229	2.8
56298	120229	8.9
56298	160229	4.6
56298	200229	6.0
56357	800229	8.6
56357	840229	12.2
56357	880229	9.1
56357	920229	7.5
56357	960229	3.3
56357	000229	7.9
56357	040229	6.8
56357	080229	1.7
56357	120229	5.0
56357	160229	4.8
56357	200229	2.5
56371	800229	15.8
56371	840229	38.4
56371	880229	16.7
56371	920229	43.7
56371	960229	36.2
56371	000229	22.6
56371	040229	41.6
56371	080229	18.8
56371	120229	14.8
56371	160229	18.2
56371	200229	34.4
56373	800229	18.8
56373	840229	19.7
56373	880229	16.9
56373	920229	41.4
56373	960229	36.6
56373	000229	30.0
56373	040229	35.2
56373	080229	12.5
56373	120229	19.3
56373	160229	37.1
56373	200229	36.9
56374	800229	9.5
56374	840229	40.6
56374	880229	41.7
56374	920229	48.3
56374	960229	15.8
56374	000229	11.0
56374	040229	35.3
56374	080229	12.1
56374	120229	6.1
56374	160229	6.5
56374	200229	12.8
56376	800229	19.4
56376	840229	19.2
56376	880229	18.3
56376	920229	32.6
56376	960229	20.7
56376	000229	27.9
56376	040229	34.3
56376	080229	14.3
56376	120229	16.1
56376	160229	35.5
56376	200229	30.8
56378	800229	30.8
56378	840229	36.5
56378	880229	15.9
56378	920229	43.6
56378	960229	23.0
56378	000229	48.9
56378	040229	74.6
56378	080229	39.1
56378	120229	29.2
56378	160229	64.1
56378	200229	45.8
56380	800229	17.6
56380	840229	19.0
56380	880229	18.5
56380	920229	27.4
56380	960229	28.4
56380	000229	32.0
56380	040229	24.3
56380	080229	10.2
56380	120229	23.0
56380	160229	18.9
56380	200229	18.5
56381	800229	11.1
56381	840229	14.4
56381	880229	13.2
56381	920229	22.1
56381	960229	18.2
56381	000229	21.1
56381	040229	23.0
56381	080229	5.5
56381	120229	12.3
56381	160229	13.1
56381	200229	8.5
56382	800229	13.4
56382	840229	27.6
56382	880229	18.9
56382	920229	33.2
56382	960229	19.1
56382	000229	37.0
56382	040229	39.9
56382	080229	8.1
56382	120229	27.1
56382	160229	25.4
56382	200229	16.9
56383	800229	12.9
56383	840229	8.7
56383	880229	21.1
56383	920229	19.4
56383	960229	9.0
56383	000229	22.4
56383	040229	23.8
56383	080229	5.1
56383	120229	15.9
56383	160229	11.6
56383	200229	8.2
56384	800229	18.6
56384	840229	37.3
56384	880229	29.2
56384	920229	40.5
56384	960229	20.4
56384	000229	46.6
56384	040229	51.3
56384	080229	11.9
56384	120229	37.8
56384	160229	33.3
56384	200229	25.0
56385	800229	28.9
56385	840229	34.9
56385	880229	30.8
56385	920229	51.9
56385	960229	29.2
56385	000229	51.9
56385	040229	51.6
56385	080229	17.6
56385	120229	40.1
56385	160229	43.8
56385	200229	43.5
56386	800229	16.7
56386	840229	12.2
56386	880229	31.8
56386	920229	23.7
56386	960229	10.6
56386	000229	27.9
56386	040229	27.7
56386	080229	7.8
56386	120229	19.8
56386	160229	18.3
56386	200229	12.7
56389	800229	13.6
56389	840229	16.1
56389	880229	21.0
56389	920229	24.0
56389	960229	10.8
56389	000229	21.8
56389	040229	31.5
56389	080229	5.8
56389	120229	16.2
56389	160229	15.2
56389	200229	10.4
56390	800229	9.9
56390	840229	13.4
56390	880229	17.5
56390	920229	17.5
56390	960229	9.3
56390	000229	20.8
56390	040229	39.5
56390	080229	4.5
56390	120229	14.5
56390	160229	9.1
56390	200229	9.2
56391	800229	12.5
56391	840229	11.6
56391	880229	29.3
56391	920229	21.7
56391	960229	10.4
56391	000229	26.4
56391	040229	25.0
56391	080229	5.6
56391	120229	23.6
56391	160229	8.9
56391	200229	6.6
56393	800229	8.8
56393	840229	15.8
56393	880229	21.4
56393	920229	28.3
56393	960229	14.6
56393	000229	19.1
56393	040229	46.8
56393	080229	3.7
56393	120229	11.8
56393	160229	19.1
56393	200229	13.1
56394	800229	9.2
56394	840229	19.2
56394	880229	23.1
56394	920229	25.6
56394	960229	11.9
56394	000229	22.1
56394	040229	40.0
56394	080229	4.9
56394	120229	13.8
56394	160229	20.7
56394	200229	11.1
56395	800229	7.4
56395	840229	15.7
56395	880229	24.9
56395	920229	30.9
56395	960229	16.7
56395	000229	21.4
56395	040229	51.1
56395	080229	3.8
56395	120229	12.4
56395	160229	22.2
56395	200229	11.8
56396	800229	5.3
56396	840229	14.7
56396	880229	23.7
56396	920229	34.8
56396	960229	19.3
56396	000229	22.3
56396	040229	49.5
56396	080229	5.6
56396	120229	11.3
56396	160229	25.2
56396	200229	9.6
56399	800229	4.3
56399	840229	8.3
56399	880229	22.1
56399	920229	38.3
56399	960229	28.3
56399	000229	18.8
56399	040229	37.8
56399	080229	5.5
56399	120229	7.6
56399	160229	26.2
56399	200229	11.7
56441	800229	35.9
56441	840229	18.6
56441	880229	23.5
56441	920229	20.9
56441	960229	2.2
56441	000229	36.0
56441	040229	33.6
56441	080229	3.7
56441	120229	28.6
56441	160229	6.1
56441	200229	5.6
56443	800229	13.5
56443	840229	22.8
56443	880229	18.5
56443	920229	17.9
56443	960229	3.9
56443	000229	14.6
56443	040229	21.6
56443	080229	1.8
56443	120229	10.4
56443	160229	8.5
56443	200229	6.0
56459	800229	14.1
56459	840229	18.4
56459	880229	7.4
56459	920229	21.8
56459	960229	6.0
56459	000229	26.6
56459	040229	22.9
56459	080229	10.2
56459	120229	9.3
56459	160229	5.5
56459	200229	18.1
56462	800229	9.3
56462	840229	38.0
56462	880229	22.9
56462	920229	24.1
56462	960229	6.4
56462	000229	16.3
56462	040229	28.5
56462	080229	1.5
56462	120229	5.9
56462	160229	8.7
56462	200229	8.7
56473	800229	24.3
56473	840229	32.9
56473	880229	22.5
56473	920229	43.2
56473	960229	22.3
56473	000229	43.3
56473	040229	46.9
56473	080229	20.4
56473	120229	26.4
56473	160229	37.3
56473	200229	39.1
56474	800229	17.5
56474	840229	22.2
56474	880229	4.3
56474	920229	26.0
56474	960229	10.3
56474	000229	33.7
56474	040229	18.3
56474	080229	19.9
56474	120229	16.0
56474	160229	25.5
56474	200229	17.9
56475	800229	24.0
56475	840229	30.7
56475	880229	13.3
56475	920229	35.9
56475	960229	13.4
56475	000229	40.6
56475	040229	37.5
56475	080229	16.5
56475	120229	28.8
56475	160229	25.3
56475	200229	27.2
56478	800229	8.8
56478	840229	20.0
56478	880229	7.1
56478	920229	35.5
56478	960229	15.4
56478	000229	29.5
56478	040229	21.2
56478	080229	18.3
56478	120229	9.5
56478	160229	33.9
56478	200229	10.2
56479	800229	23.6
56479	840229	27.9
56479	880229	10.9
56479	920229	45.8
56479	960229	23.6
56479	000229	43.7
56479	040229	27.5
56479	080229	21.0
56479	120229	11.9
56479	160229	40.0
56479	200229	20.1
56487	800229	28.3
56487	840229	41.9
56487	880229	16.8
56487	920229	57.6
56487	960229	24.6
56487	000229	51.3
56487	040229	46.9
56487	080229	22.1
56487	120229	24.5
56487	160229	56.1
56487	200229	34.6
56491	800229	11.1
56491	840229	25.2
56491	880229	29.7
56491	920229	35.5
56491	960229	16.9
56491	000229	29.4
56491	040229	37.1
56491	080229	10.1
56491	120229	23.1
56491	160229	21.0
56491	200229	13.2
56492	800229	11.1
56492	840229	25.2
56492	880229	29.7
56492	920229	35.5
56492	960229	16.9
56492	000229	29.4
56492	040229	37.1
56492	080229	10.1
56492	120229	23.1
56492	160229	21.0
56492	200229	13.2
56493	800229	6.0
56493	840229	20.1
56493	880229	25.7
56493	920229	42.6
56493	960229	20.4
56493	000229	24.7
56493	040229	45.2
56493	080229	9.1
56493	120229	14.5
56493	160229	37.3
56493	200229	11.4
56494	800229	15.1
56494	840229	27.5
56494	880229	32.2
56494	920229	37.9
56494	960229	18.5
56494	000229	32.7
56494	040229	36.4
56494	080229	13.4
56494	120229	27.0
56494	160229	26.1
56494	200229	19.3
56565	800229	17.4
56565	840229	15.4
56565	880229	11.3
56565	920229	25.2
56565	960229	8.7
56565	000229	36.3
56565	040229	17.0
56565	080229	30.4
56565	120229	15.6
56565	160229	9.9
56565	200229	10.1
56569	800229	12.1
56569	840229	15.5
56569	880229	4.2
56569	920229	35.0
56569	960229	10.3
56569	000229	51.5
56569	040229	16.8
56569	080229	30.0
56569	120229	7.2
56569	160229	11.6
56569	200229	9.5
56571	800229	6.5
56571	840229	15.4
56571	880229	3.0
56571	920229	34.9
56571	960229	9.0
56571	000229	41.6
56571	040229	16.6
56571	080229	17.7
56571	120229	9.8
56571	160229	15.7
56571	200229	9.8
56575	800229	19.0
56575	840229	17.9
56575	880229	7.1
56575	920229	45.1
56575	960229	14.5
56575	000229	63.9
56575	040229	19.2
56575	080229	43.7
56575	120229	9.5
56575	160229	23.7
56575	200229	20.9
56578	800229	14.6
56578	840229	12.5
56578	880229	10.9
56578	920229	39.5
56578	960229	13.0
56578	000229	80.7
56578	040229	12.4
56578	080229	51.1
56578	120229	9.6
56578	160229	24.1
56578	200229	19.8
56580	800229	23.7
56580	840229	27.4
56580	880229	10.5
56580	920229	55.7
56580	960229	17.7
56580	000229	56.3
56580	040229	26.9
56580	080229	25.9
56580	120229	11.2
56580	160229	37.6
56580	200229	18.7
56584	800229	15.2
56584	840229	18.9
56584	880229	3.5
56584	920229	39.0
56584	960229	10.2
56584	000229	33.9
56584	040229	22.0
56584	080229	21.1
56584	120229	6.9
56584	160229	38.1
56584	200229	12.8
56592	800229	16.0
56592	840229	32.0
56592	880229	43.0
56592	920229	42.4
56592	960229	14.8
56592	000229	35.3
56592	040229	42.6
56592	080229	12.6
56592	120229	34.5
56592	160229	32.8
56592	200229	17.6
56665	800229	13.1
56665	840229	3.1
56665	880229	1.4
56665	920229	3.9
56665	960229	1.7
56665	000229	31.6
56665	040229	3.5
56665	080229	21.9
56665	120229	1.9
56665	160229	2.0
56665	200229	2.4
56666	800229	14.4
56666	840229	1.5
56666	880229	1.7
56666	920229	0.9
56666	960229	1.9
56666	000229	32.4
56666	040229	2.6
56666	080229	37.2
56666	120229	2.8
56666	160229	2.6
56666	200229	3.6
56670	800229	18.9
56670	840229	7.7
56670	880229	3.3
56670	920229	20.2
56670	960229	4.4
56670	000229	56.2
56670	040229	6.5
56670	080229	29.7
56670	120229	6.0
56670	160229	4.5
56670	200229	3.4
56671	800229	13.6
56671	840229	3.2
56671	880229	12.5
56671	920229	6.1
56671	960229	8.3
56671	000229	37.2
56671	040229	2.5
56671	080229	27.9
56671	120229	8.4
56671	160229	6.3
56671	200229	3.5
56674	800229	14.4
56674	840229	1.5
56674	880229	1.7
56674	920229	0.9
56674	960229	1.9
56674	000229	32.4
56674	040229	2.6
56674	080229	37.2
56674	120229	2.8
56674	160229	2.6
56674	200229	3.6
56675	800229	25.4
56675	840229	9.5
56675	880229	18.2
56675	920229	26.6
56675	960229	14.3
56675	000229	68.5
56675	040229	9.1
56675	080229	61.8
56675	120229	21.6
56675	160229	23.9
56675	200229	13.4
57204	800229	28.7
57204	840229	14.8
57204	880229	11.7
57204	920229	18.1
57204	960229	2.6
57204	000229	25.1
57204	040229	25.4
57204	080229	4.3
57204	120229	26.7
57204	160229	7.9
57204	200229	15.4
57206	800229	30.6
57206	840229	9.0
57206	880229	9.2
57206	920229	20.3
57206	960229	1.9
57206	000229	22.8
57206	040229	20.2
57206	080229	2.4
57206	120229	17.6
57206	160229	6.3
57206	200229	15.1
57208	800229	19.7
57208	840229	7.8
57208	880229	9.0
57208	920229	15.7
57208	960229	1.8
57208	000229	19.9
57208	040229	24.3
57208	080229	1.8
57208	120229	10.9
57208	160229	5.4
57208	200229	10.1
57216	800229	22.6
57216	840229	8.5
57216	880229	12.6
57216	920229	44.7
57216	960229	19.3
57216	000229	27.1
57216	040229	25.0
57216	080229	5.4
57216	120229	15.6
57216	160229	7.9
57216	200229	18.8
57217	800229	21.1
57217	840229	11.1
57217	880229	12.8
57217	920229	34.3
57217	960229	11.6
57217	000229	26.8
57217	040229	22.7
57217	080229	4.3
57217	120229	17.1
57217	160229	7.1
57217	200229	17.0
57237	800229	32.6
57237	840229	8.7
57237	880229	12.6
57237	920229	48.1
57237	960229	43.6
57237	000229	38.3
57237	040229	29.0
57237	080229	11.1
57237	120229	17.8
57237	160229	28.3
57237	200229	19.4
57303	800229	12.8
57303	840229	9.3
57303	880229	9.3
57303	920229	28.4
57303	960229	7.6
57303	000229	22.4
57303	040229	24.7
57303	080229	2.0
57303	120229	11.2
57303	160229	4.6
57303	200229	15.0
57304	800229	14.2
57304	840229	6.4
57304	880229	7.6
57304	920229	12.3
57304	960229	1.2
57304	000229	19.4
57304	040229	25.3
57304	080229	1.4
57304	120229	9.1
57304	160229	3.9
57304	200229	7.0
57306	800229	13.0
57306	840229	8.1
57306	880229	10.1
57306	920229	30.3
57306	960229	10.8
57306	000229	22.0
57306	040229	22.9
57306	080229	2.4
57306	120229	10.3
57306	160229	5.6
57306	200229	16.6
57307	800229	11.7
57307	840229	9.2
57307	880229	21.4
57307	920229	17.1
57307	960229	2.2
57307	000229	22.0
57307	040229	28.5
57307	080229	3.1
57307	120229	14.3
57307	160229	4.6
57307	200229	7.9
57308	800229	11.3
57308	840229	8.1
57308	880229	13.0
57308	920229	19.7
57308	960229	5.6
57308	000229	22.7
57308	040229	23.8
57308	080229	2.4
57308	120229	9.2
57308	160229	6.7
57308	200229	12.3
57309	800229	13.5
57309	840229	8.2
57309	880229	21.3
57309	920229	35.1
57309	960229	25.6
57309	000229	25.2
57309	040229	21.6
57309	080229	5.5
57309	120229	10.9
57309	160229	11.4
57309	200229	21.2
57313	800229	18.6
57313	840229	5.8
57313	880229	14.0
57313	920229	50.0
57313	960229	26.7
57313	000229	24.9
57313	040229	35.9
57313	080229	5.0
57313	120229	12.6
57313	160229	7.4
57313	200229	20.9
57314	800229	13.1
57314	840229	7.7
57314	880229	13.9
57314	920229	30.7
57314	960229	17.7
57314	000229	22.5
57314	040229	20.5
57314	080229	3.6
57314	120229	9.2
57314	160229	8.2
57314	200229	18.5
57315	800229	18.2
57315	840229	8.8
57315	880229	14.9
57315	920229	38.3
57315	960229	25.5
57315	000229	23.9
57315	040229	29.7
57315	080229	3.9
57315	120229	10.7
57315	160229	8.3
57315	200229	20.6
57317	800229	18.0
57317	840229	12.2
57317	880229	25.4
57317	920229	40.9
57317	960229	45.9
57317	000229	25.4
57317	040229	26.7
57317	080229	7.0
57317	120229	13.6
57317	160229	16.7
57317	200229	25.1
57320	800229	24.0
57320	840229	7.2
57320	880229	10.6
57320	920229	50.5
57320	960229	35.4
57320	000229	32.7
57320	040229	28.0
57320	080229	5.3
57320	120229	13.5
57320	160229	15.6
57320	200229	15.2
57324	800229	20.8
57324	840229	7.7
57324	880229	16.7
57324	920229	45.2
57324	960229	38.7
57324	000229	27.7
57324	040229	34.8
57324	080229	7.4
57324	120229	13.4
57324	160229	14.8
57324	200229	21.6
57401	800229	10.4
57401	840229	7.5
57401	880229	18.5
57401	920229	22.7
57401	960229	6.6
57401	000229	20.8
57401	040229	25.8
57401	080229	2.9
57401	120229	9.9
57401	160229	6.7
57401	200229	11.5
57402	800229	11.8
57402	840229	7.1
57402	880229	23.3
57402	920229	33.4
57402	960229	22.2
57402	000229	25.3
57402	040229	24.7
57402	080229	5.9
57402	120229	13.5
57402	160229	11.5
57402	200229	19.0
57405	800229	9.9
57405	840229	4.8
57405	880229	21.7
57405	920229	26.4
57405	960229	17.7
57405	000229	20.3
57405	040229	30.2
57405	080229	4.2
57405	120229	12.0
57405	160229	10.1
57405	200229	15.8
57407	800229	8.8
57407	840229	8.4
57407	880229	20.6
57407	920229	21.6
57407	960229	7.9
57407	000229	17.9
57407	040229	37.6
57407	080229	3.4
57407	120229	8.3
57407	160229	7.6
57407	200229	11.2
57408	800229	7.7
57408	840229	12.0
57408	880229	21.5
57408	920229	33.8
57408	960229	18.2
57408	000229	18.6
57408	040229	43.1
57408	080229	4.5
57408	120229	9.7
57408	160229	16.6
57408	200229	18.2
57411	800229	12.8
57411	840229	8.9
57411	880229	26.9
57411	920229	41.3
57411	960229	32.3
57411	000229	25.8
57411	040229	23.5
57411	080229	6.9
57411	120229	14.8
57411	160229	14.8
57411	200229	21.3
57503	800229	5.4
57503	840229	8.6
57503	880229	22.5
57503	920229	32.6
57503	960229	19.2
57503	000229	16.5
57503	040229	37.5
57503	080229	3.9
57503	120229	7.9
57503	160229	20.2
57503	200229	12.1
57507	800229	3.5
57507	840229	11.4
57507	880229	23.2
57507	920229	46.3
57507	960229	34.9
57507	000229	21.5
57507	040229	42.5
57507	080229	6.8
57507	120229	9.3
57507	160229	30.6
57507	200229	10.3
57333	800229	39.4
57333	840229	13.6
57333	880229	13.6
57333	920229	43.8
57333	960229	36.3
57333	000229	36.8
57333	040229	26.4
57333	080229	16.8
57333	120229	20.2
57333	160229	44.4
57333	200229	26.0
57502	800229	6.1
57502	840229	13.2
57502	880229	25.1
57502	920229	54.4
57502	960229	32.9
57502	000229	27.8
57502	040229	40.4
57502	080229	4.3
57502	120229	12.1
57502	160229	37.2
57502	200229	18.5
57505	800229	4.7
57505	840229	11.8
57505	880229	21.8
57505	920229	48.2
57505	960229	37.3
57505	000229	22.8
57505	040229	41.4
57505	080229	6.4
57505	120229	11.2
57505	160229	28.6
57505	200229	15.8
55279	800229	2.4
55279	840229	0.1
55279	880229	3.9
55279	920229	0.0
55279	960229	2.4
55279	000229	1.8
55279	040229	0.1
55279	080229	1.6
55279	120229	0.9
55279	160229	1.2
55279	200229	3.8
55294	800229	1.8
55294	840229	0.0
55294	880229	3.4
55294	920229	0.8
55294	960229	2.2
55294	000229	3.1
55294	040229	0.0
55294	080229	1.6
55294	120229	1.2
55294	160229	0.4
55294	200229	4.4
55299	800229	5.5
55299	840229	0.0
55299	880229	4.6
55299	920229	0.3
55299	960229	8.2
55299	000229	5.7
55299	040229	0.3
55299	080229	6.5
55299	120229	4.0
55299	160229	3.4
55299	200229	6.8
55472	800229	1.5
55472	840229	0.5
55472	880229	3.0
55472	920229	0.0
55472	960229	1.8
55472	000229	0.8
55472	040229	0.3
55472	080229	1.0
55472	120229	0.6
55472	160229	0.5
55472	200229	1.1
55493	800229	5.8
55493	840229	0.3
55493	880229	9.1
55493	920229	0.0
55493	960229	15.3
55493	000229	10.4
55493	040229	6.0
55493	080229	12.5
55493	120229	8.6
55493	160229	6.7
55493	200229	8.0
55569	800229	2.3
55569	840229	0.0
55569	880229	2.5
55569	920229	0.0
55569	960229	4.0
55569	000229	0.5
55569	040229	1.4
55569	080229	0.2
55569	120229	0.3
55569	160229	4.3
55569	200229	1.4
55572	800229	3.2
55572	840229	0.1
55572	880229	3.4
55572	920229	0.0
55572	960229	8.7
55572	000229	1.8
55572	040229	1.6
55572	080229	2.8
55572	120229	1.2
55572	160229	4.8
55572	200229	2.2
55578	800229	0.7
55578	840229	0.0
55578	880229	2.3
55578	920229	0.0
55578	960229	2.7
55578	000229	0.5
55578	040229	0.2
55578	080229	0.9
55578	120229	0.7
55578	160229	2.1
55578	200229	0.9
55585	800229	4.8
55585	840229	0.2
55585	880229	4.4
55585	920229	0.0
55585	960229	3.7
55585	000229	2.9
55585	040229	1.6
55585	080229	3.2
55585	120229	3.7
55585	160229	2.6
55585	200229	2.8
55589	800229	5.5
55589	840229	0.2
55589	880229	2.4
55589	920229	0.1
55589	960229	4.6
55589	000229	2.0
55589	040229	4.4
55589	080229	4.8
55589	120229	2.0
55589	160229	0.8
55589	200229	4.9
55591	800229	1.8
55591	840229	0.1
55591	880229	4.4
55591	920229	0.2
55591	960229	2.2
55591	000229	8.0
55591	040229	2.6
55591	080229	3.7
55591	120229	9.1
55591	160229	1.8
55591	200229	5.2
55593	800229	7.5
55593	840229	0.2
55593	880229	13.6
55593	920229	1.3
55593	960229	6.4
55593	000229	9.2
55593	040229	8.7
55593	080229	15.5
55593	120229	15.0
55593	160229	6.6
55593	200229	8.1
55597	800229	5.3
55597	840229	0.7
55597	880229	4.7
55597	920229	0.5
55597	960229	11.4
55597	000229	2.7
55597	040229	7.7
55597	080229	7.0
55597	120229	3.2
55597	160229	2.1
55597	200229	4.2
55598	800229	8.2
55598	840229	0.7
55598	880229	8.0
55598	920229	0.3
55598	960229	11.3
55598	000229	4.3
55598	040229	7.0
55598	080229	9.8
55598	120229	4.8
55598	160229	1.9
55598	200229	5.2
55664	800229	2.7
55664	840229	0.0
55664	880229	1.0
55664	920229	0.6
55664	960229	1.9
55664	000229	0.9
55664	040229	0.8
55664	080229	0.4
55664	120229	1.7
55664	160229	0.7
55664	200229	2.2
55680	800229	4.5
55680	840229	0.1
55680	880229	4.4
55680	920229	0.0
55680	960229	4.7
55680	000229	2.8
55680	040229	3.0
55680	080229	2.3
55680	120229	3.4
55680	160229	4.7
55680	200229	3.4
55681	800229	5.0
55681	840229	0.1
55681	880229	3.6
55681	920229	0.0
55681	960229	7.1
55681	000229	1.2
55681	040229	6.2
55681	080229	5.6
55681	120229	2.5
55681	160229	3.1
55681	200229	2.8
55696	800229	1.8
55696	840229	3.3
55696	880229	3.9
55696	920229	1.4
55696	960229	7.5
55696	000229	2.3
55696	040229	1.6
55696	080229	5.9
55696	120229	0.9
55696	160229	4.8
55696	200229	1.9
55773	800229	48.2
55773	840229	48.5
55773	880229	41.8
55773	920229	68.9
55773	960229	19.1
55773	000229	45.7
55773	040229	46.9
55773	080229	25.7
55773	120229	48.5
55773	160229	23.5
55773	200229	40.5
56106	800229	11.8
56106	840229	0.2
56106	880229	13.5
56106	920229	2.1
56106	960229	7.3
56106	000229	12.7
56106	040229	1.0
56106	080229	4.2
56106	120229	9.4
56106	160229	6.4
56106	200229	11.3
56109	800229	6.6
56109	840229	0.5
56109	880229	11.0
56109	920229	2.2
56109	960229	5.3
56109	000229	10.8
56109	040229	1.9
56109	080229	3.9
56109	120229	10.6
56109	160229	4.3
56109	200229	8.6
56116	800229	13.2
56116	840229	5.0
56116	880229	17.4
56116	920229	10.1
56116	960229	3.2
56116	000229	11.6
56116	040229	11.1
56116	080229	3.1
56116	120229	17.6
56116	160229	4.3
56116	200229	7.3
56128	800229	11.4
56128	840229	9.6
56128	880229	14.9
56128	920229	12.7
56128	960229	1.7
56128	000229	9.5
56128	040229	17.7
56128	080229	2.2
56128	120229	4.8
56128	160229	2.5
56128	200229	3.8
56137	800229	7.0
56137	840229	12.5
56137	880229	18.3
56137	920229	16.4
56137	960229	0.5
56137	000229	9.0
56137	040229	20.2
56137	080229	3.9
56137	120229	4.0
56137	160229	2.4
56137	200229	4.4
56202	800229	6.9
56202	840229	1.3
56202	880229	8.0
56202	920229	2.2
56202	960229	3.2
56202	000229	10.4
56202	040229	6.2
56202	080229	6.9
56202	120229	14.0
56202	160229	3.0
56202	200229	4.1
56223	800229	21.4
56223	840229	11.4
56223	880229	15.9
56223	920229	13.2
56223	960229	4.2
56223	000229	16.0
56223	040229	38.0
56223	080229	2.0
56223	120229	14.0
56223	160229	1.8
56223	200229	8.6
56228	800229	14.2
56228	840229	11.0
56228	880229	25.3
56228	920229	23.0
56228	960229	1.4
56228	000229	14.6
56228	040229	21.2
56228	080229	0.9
56228	120229	12.7
56228	160229	8.7
56228	200229	3.3
56307	800229	8.3
56307	840229	1.9
56307	880229	13.6
56307	920229	3.8
56307	960229	11.2
56307	000229	11.5
56307	040229	15.2
56307	080229	12.9
56307	120229	18.4
56307	160229	3.1
56307	200229	6.2
56312	800229	41.4
56312	840229	32.5
56312	880229	51.4
56312	920229	38.4
56312	960229	12.9
56312	000229	37.8
56312	040229	43.3
56312	080229	13.4
56312	120229	37.2
56312	160229	2.9
56312	200229	27.0
56331	800229	12.2
56331	840229	12.3
56331	880229	13.5
56331	920229	17.9
56331	960229	1.2
56331	000229	6.8
56331	040229	9.7
56331	080229	1.4
56331	120229	5.4
56331	160229	9.4
56331	200229	3.5
56342	800229	10.6
56342	840229	7.3
56342	880229	6.7
56342	920229	11.9
56342	960229	2.0
56342	000229	5.5
56342	040229	10.1
56342	080229	3.5
56342	120229	3.1
56342	160229	7.5
56342	200229	0.4
