Month	Day	Rain
01	01	0.9
01	02	1.1
01	03	1.6
01	04	1.2
01	05	1.3
01	06	0.8
01	07	0.7
01	08	1.6
01	09	4.6
01	10	1.3
01	11	1.2
01	12	1.1
01	13	1.3
01	14	1.2
01	15	0.8
01	16	0.8
01	17	1.2
01	18	1.2
01	19	1.0
01	20	1.1
01	21	1.0
01	22	1.1
01	23	1.0
01	24	1.2
01	25	0.8
01	26	1.0
01	27	1.1
01	28	0.8
01	29	0.8
01	30	1.5
01	31	1.3
02	01	1.3
02	02	1.2
02	03	1.0
02	04	1.0
02	05	0.8
02	06	1.0
02	07	1.0
02	08	1.0
02	09	1.1
02	10	0.9
02	11	0.7
02	12	0.8
02	13	0.9
02	14	1.2
02	15	1.1
02	16	1.3
02	17	1.7
02	18	1.7
02	19	1.1
02	20	1.2
02	21	1.2
02	22	1.6
02	23	1.4
02	24	1.3
02	25	1.3
02	26	1.4
02	27	1.5
02	28	1.2
03	01	1.2
03	02	1.4
03	03	1.4
03	04	1.2
03	05	1.2
03	06	1.5
03	07	1.4
03	08	1.5
03	09	1.4
03	10	1.0
03	11	1.2
03	12	1.5
03	13	1.0
03	14	1.1
03	15	1.3
03	16	1.6
03	17	1.7
03	18	1.4
03	19	1.6
03	20	1.5
03	21	1.9
03	22	1.9
03	23	2.2
03	24	2.3
03	25	2.1
03	26	2.3
03	27	2.8
03	28	2.0
03	29	2.1
03	30	2.4
03	31	2.5
04	01	3.0
04	02	2.4
04	03	1.9
04	04	2.3
04	05	2.2
04	06	2.1
04	07	2.2
04	08	2.2
04	09	2.2
04	10	2.6
04	11	2.1
04	12	2.3
04	13	2.5
04	14	2.0
04	15	1.8
04	16	2.1
04	17	2.4
04	18	2.7
04	19	2.3
04	20	2.6
04	21	3.1
04	22	2.6
04	23	3.5
04	24	3.8
04	25	3.4
04	26	2.4
04	27	2.5
04	28	3.2
04	29	2.6
04	30	2.9
05	01	3.5
05	02	3.2
05	03	3.8
05	04	3.2
05	05	3.3
05	06	3.4
05	07	3.8
05	08	3.9
05	09	3.5
05	10	3.4
05	11	3.7
05	12	3.4
05	13	4.0
05	14	3.6
05	15	4.3
05	16	4.0
05	17	4.1
05	18	4.4
05	19	3.9
05	20	4.6
05	21	4.8
05	22	4.6
05	23	4.6
05	24	4.7
05	25	4.5
05	26	4.9
05	27	4.8
05	28	5.0
05	29	4.9
05	30	5.3
05	31	5.5
06	01	5.2
06	02	5.4
06	03	4.6
06	04	5.3
06	05	5.6
06	06	6.2
06	07	5.9
06	08	5.9
06	09	6.6
06	10	6.7
06	11	6.8
06	12	7.2
06	13	5.9
06	14	6.3
06	15	6.5
06	16	7.1
06	17	7.1
06	18	6.9
06	19	6.9
06	20	7.2
06	21	7.1
06	22	7.0
06	23	7.1
06	24	7.8
06	25	7.7
06	26	8.1
06	27	8.5
06	28	8.0
06	29	8.9
06	30	9.4
07	01	8.7
07	02	8.3
07	03	9.0
07	04	9.4
07	05	8.6
07	06	8.7
07	07	8.6
07	08	9.1
07	09	9.3
07	10	9.1
07	11	7.9
07	12	7.4
07	13	8.4
07	14	8.5
07	15	9.0
07	16	9.0
07	17	8.4
07	18	9.2
07	19	9.2
07	20	8.3
07	21	9.2
07	22	9.6
07	23	8.4
07	24	7.7
07	25	8.6
07	26	7.5
07	27	7.3
07	28	8.0
07	29	8.2
07	30	7.2
07	31	8.6
08	01	8.9
08	02	7.7
08	03	7.4
08	04	7.6
08	05	7.6
08	06	7.4
08	07	8.1
08	08	8.5
08	09	8.5
08	10	7.3
08	11	8.6
08	12	8.0
08	13	7.6
08	14	7.3
08	15	7.4
08	16	8.2
08	17	8.6
08	18	7.4
08	19	8.0
08	20	7.5
08	21	6.7
08	22	6.6
08	23	6.3
08	24	14.4
08	25	9.1
08	26	6.9
08	27	6.9
08	28	7.3
08	29	7.1
08	30	6.2
08	31	6.2
09	01	6.2
09	02	6.8
09	03	6.2
09	04	5.7
09	05	6.2
09	06	5.5
09	07	5.7
09	08	6.5
09	09	6.7
09	10	6.9
09	11	5.6
09	12	13.8
09	13	7.3
09	14	4.8
09	15	4.7
09	16	5.4
09	17	6.9
09	18	6.7
09	19	6.6
09	20	5.2
09	21	4.3
09	22	4.6
09	23	4.5
09	24	4.5
09	25	5.2
09	26	5.3
09	27	4.5
09	28	4.1
09	29	3.5
09	30	3.7
10	01	4.2
10	02	4.1
10	03	4.6
10	04	4.4
10	05	3.7
10	06	3.4
10	07	3.7
10	08	4.0
10	09	4.1
10	10	3.8
10	11	3.7
10	12	3.7
10	13	3.5
10	14	2.9
10	15	3.0
10	16	3.0
10	17	2.6
10	18	2.9
10	19	2.8
10	20	2.5
10	21	2.7
10	22	3.1
10	23	2.7
10	24	2.8
10	25	2.7
10	26	3.0
10	27	3.1
10	28	2.8
10	29	2.9
10	30	2.5
10	31	3.1
11	01	3.0
11	02	2.4
11	03	2.0
11	04	1.9
11	05	1.8
11	06	1.8
11	07	1.8
11	08	1.4
11	09	1.3
11	10	1.4
11	11	1.4
11	12	1.6
11	13	1.7
11	14	1.5
11	15	1.4
11	16	1.5
11	17	1.7
11	18	1.5
11	19	1.9
11	20	1.6
11	21	1.2
11	22	0.9
11	23	1.1
11	24	1.2
11	25	1.3
11	26	1.7
11	27	1.1
11	28	1.0
11	29	1.3
11	30	1.0
12	01	1.1
12	02	1.1
12	03	0.9
12	04	1.3
12	05	0.9
12	06	0.8
12	07	1.0
12	08	0.8
12	09	0.8
12	10	1.0
12	11	1.3
12	12	1.1
12	13	0.7
12	14	1.2
12	15	1.4
12	16	0.8
12	17	0.8
12	18	0.9
12	19	1.2
12	20	0.9
12	21	0.7
12	22	0.6
12	23	0.6
12	24	0.6
12	25	4.9
12	26	3.8
12	27	1.2
12	28	0.9
12	29	1.1
12	30	0.7
12	31	0.7
02	29	1.2
